function mpc = nmwc57
% NMWC57
% Data for the modified version of the IEEE 57-bus system proposed in
%
% M. R. Narimani, D. K. Molzahn, D. Wu, and M. L. Crow, "Empirical 
% Investigation of Non-Convexities in Optimal Power Flow Problems," 
% American Control Conference, Milwaukee, WI, USA, June 2018.
%
% This test system is constructed by modifying the IEEE 57-bus test case 
% via reducing the loading, slightly tightening the voltage limits, and 
% significantly tightening the lower reactive power generation limits. The 
% goal of these modifications is to obtain a test case with operational 
% conditions where lower limits on voltage magnitudes and reactive power 
% generation are binding. As discussed in the reference above, these
% operational conditions appear associated with non-convex feasible spaces
% that challenge a variety of solution algorithms. See the reference above
% for the specific modifications to the IEEE 57-bus test case.
%
% Detailed data regarding various local solutions are provided at the end 
% of this file. 
%
% Mohammad Rasoul Narimani, ECE Department, Missouri University of Science 
% and Technology, mn9t5@mst.edu
%
% Daniel K. Molzahn, Energy Systems Division, Argonne National Laboratory, 
% dan.molzahn@gmail.com
%
% Dan Wu, Mechanical Engineering Department, Massachusetts Institute of 
% Technology, danwumit@mit.edu
%
% Mariesa L. Crow, ECE Department, Missouri University of Science 
% and Technology, crow@mst.edu
% 
% March 15, 2018


%% MATPOWER Case Format : Version 2
mpc.version = '2';

%%-----  Power Flow Data  -----%%
%% system MVA base
mpc.baseMVA = 100;

%% bus data
%	bus_i	type	Pd	Qd	Gs	Bs	area	Vm	Va	baseKV	zone	Vmax	Vmin
mpc.bus = [
1	3	15.4	4.76	0	0	1	0.94155	0	0	1	1.0494	0.9494
2	2	0.84	24.64	0	0	1	1.03347	-1.18	0	1	1.0494	0.9494
3	2	11.48	5.88	0	0	1	1.02737	-5.97	0	1	1.0494	0.9494
4	1	0	0	0	0	1	0.95614	-7.32	0	1	1.0494	0.9494
5	1	3.64	1.12	0	0	1	0.97836	-8.52	0	1	1.0494	0.9494
6	2	21	0.56	0	0	1	1.05131	-8.65	0	1	1.0494	0.9494
7	1	0	0	0	0	1	1.02857	-7.58	0	1	1.0494	0.9494
8	2	42	6.16	0	0	1	0.94915	-4.45	0	1	1.0494	0.9494
9	2	33.88	7.28	0	0	1	0.97102	-9.56	0	1	1.0494	0.9494
10	1	1.4	0.56	0	0	1	1.00867	-11.43	0	1	1.0494	0.9494
11	1	0	0	0	0	1	1.00435	-10.17	0	1	1.0494	0.9494
12	2	105.56	6.72	0	0	1	0.94213	-10.46	0	1	1.0494	0.9494
13	1	5.04	0.644	0	0	1	0.96183	-9.79	0	1	1.0494	0.9494
14	1	2.94	1.484	0	0	1	1.04411	-9.33	0	1	1.0494	0.9494
15	1	6.16	1.4	0	0	1	0.95155	-7.18	0	1	1.0494	0.9494
16	1	12.04	0.84	0	0	1	1.04655	-8.85	0	1	1.0494	0.9494
17	1	11.76	2.24	0	0	1	1.01401	-5.39	0	1	1.0494	0.9494
18	1	7.616	2.744	0	10	1	1.05971	-11.71	0	1	1.0494	0.9494
19	1	0.924	0.168	0	0	1	0.96981	-13.2	0	1	1.0494	0.9494
20	1	0.644	0.28	0	0	1	0.99136	-13.41	0	1	1.0494	0.9494
21	1	0	0	0	0	1	0.95288	-12.89	0	1	1.0494	0.9494
22	1	0	0	0	0	1	1.02771	-12.84	0	1	1.0494	0.9494
23	1	1.764	0.588	0	0	1	0.94596	-12.91	0	1	1.0494	0.9494
24	1	0	0	0	0	1	0.98922	-13.25	0	1	1.0494	0.9494
25	1	1.764	0.896	0	5.9	1	1.04832	-18.13	0	1	1.0494	0.9494
26	1	0	0	0	0	1	1.032	-12.95	0	1	1.0494	0.9494
27	1	2.604	0.14	0	0	1	1.0105	-11.48	0	1	1.0494	0.9494
28	1	1.288	0.644	0	0	1	1.01045	-10.45	0	1	1.0494	0.9494
29	1	4.76	0.728	0	0	1	0.94238	-9.75	0	1	1.0494	0.9494
30	1	1.008	0.504	0	0	1	1.04118	-18.68	0	1	1.0494	0.9494
31	1	1.624	0.812	0	0	1	0.99054	-19.34	0	1	1.0494	0.9494
32	1	0.448	0.224	0	0	1	1.05248	-18.46	0	1	1.0494	0.9494
33	1	1.064	0.532	0	0	1	1.04848	-18.5	0	1	1.0494	0.9494
34	1	0	0	0	0	1	0.98753	-14.1	0	1	1.0494	0.9494
35	1	1.68	0.84	0	0	1	1.02709	-13.86	0	1	1.0494	0.9494
36	1	0	0	0	0	1	0.98898	-13.59	0	1	1.0494	0.9494
37	1	0	0	0	0	1	0.95064	-13.41	0	1	1.0494	0.9494
38	1	3.92	1.96	0	0	1	1.05283	-12.71	0	1	1.0494	0.9494
39	1	0	0	0	0	1	0.96754	-13.46	0	1	1.0494	0.9494
40	1	0	0	0	0	1	1.0278	-13.62	0	1	1.0494	0.9494
41	1	1.764	0.84	0	0	1	1.00425	-14.05	0	1	1.0494	0.9494
42	1	1.988	1.232	0	0	1	1.02498	-15.5	0	1	1.0494	0.9494
43	1	0.56	0.28	0	0	1	0.97517	-11.33	0	1	1.0494	0.9494
44	1	3.36	0.504	0	0	1	0.96924	-11.86	0	1	1.0494	0.9494
45	1	0	0	0	0	1	1.05927	-9.25	0	1	1.0494	0.9494
46	1	0	0	0	0	1	0.94224	-11.89	0	1	1.0494	0.9494
47	1	8.316	3.248	0	0	1	0.97531	-12.49	0	1	1.0494	0.9494
48	1	0	0	0	0	1	1.02635	-12.59	0	1	1.0494	0.9494
49	1	5.04	2.38	0	0	1	1.01931	-12.92	0	1	1.0494	0.9494
50	1	5.88	2.94	0	0	1	0.98102	-13.39	0	1	1.0494	0.9494
51	1	5.04	1.484	0	0	1	1.04747	-12.52	0	1	1.0494	0.9494
52	1	1.372	0.616	0	0	1	1.03496	-11.47	0	1	1.0494	0.9494
53	1	5.6	2.8	0	6.3	1	1.03824	-12.23	0	1	1.0494	0.9494
54	1	1.148	0.392	0	0	1	1.05381	-11.69	0	1	1.0494	0.9494
55	1	1.904	0.952	0	0	1	1.03645	-10.78	0	1	1.0494	0.9494
56	1	2.128	0.616	0	0	1	1.01424	-16.04	0	1	1.0494	0.9494
57	1	1.876	0.56	0	0	1	0.9817	-16.56	0	1	1.0494	0.9494

];

%% generator data
%	bus	Pg	Qg	Qmax	Qmin	Vg	mBase	status	Pmax	Pmin	Pc1	Pc2	Qc1min	Qc1max	Qc2min	Qc2max	ramp_agc	ramp_10	ramp_30	ramp_q	apf
mpc.gen = [
1	427.52	184.58	200	-7	0.942	100	1	575.88	0	0	0	0	0	0	0	0	0	0	0	0
2	74.24	46.21	50	-0.85	1.033	100	1	100	0	0	0	0	0	0	0	0	0	0	0	0
3	103.93	55.49	60	-0.5	1.027	100	1	140	0	0	0	0	0	0	0	0	0	0	0	0
6	74.24	23.11	25	-0.4	1.051	100	1	100	0	0	0	0	0	0	0	0	0	0	0	0
8	408.31	184.58	200	-7	0.949	100	1	550	0	0	0	0	0	0	0	0	0	0	0	0
9	74.24	8.32	9	-0.15	0.971	100	1	100	0	0	0	0	0	0	0	0	0	0	0	0
12	304.37	142.90	155	-7.5	0.942	100	1	410	0	0	0	0	0	0	0	0	0	0	0	0
];

%% branch data
%	fbus	tbus	r	x	b	rateA	rateB	rateC	ratio	angle	status	angmin	angmax
